{"0": {"boxes": [[872.3908, 96.86686, 28.707031, 25.291664], [767.8334, 211.2094, 54.94281, 50.09639], [32.412422, 499.7248, 217.37827, 167.25635], [264.53757, 199.25754, 265.3779, 287.77765]], "probabilities": [[0.06627948, 0.12801239, 0.06692322, 0.06668465, 0.06683605, 0.06628506, 0.07417683, 0.06637817, 0.06638045, 0.06628158, 0.06673919, 0.06630448, 0.06639282, 0.06632565], [0.06412922, 0.12407273, 0.06846444, 0.06576292, 0.06839491, 0.06536905, 0.07351534, 0.06559327, 0.06652139, 0.0647034, 0.07414337, 0.06497773, 0.06947185, 0.06488042], [0.06695276, 0.1166982, 0.06696865, 0.06749819, 0.06727865, 0.06973416, 0.0673504, 0.06721418, 0.06695655, 0.06695657, 0.0669556, 0.06695414, 0.07552537, 0.06695663], [0.06773425, 0.06774083, 0.06773441, 0.06773433, 0.11366628, 0.07335807, 0.06773784, 0.06773432, 0.06773427, 0.06773437, 0.06773512, 0.06773425, 0.06788734, 0.06773435]], "classes": [1, 1, 1, 4], "names": ["bus", "bus", "bus", "fire hydrant"]}, "1": {"boxes": [[260.61853, 197.76204, 265.5468, 291.9347], [689.57715, 276.5297, 73.106445, 63.937195], [872.43475, 96.62874, 29.187561, 26.411057], [25.994003, 499.00677, 219.12714, 174.4477], [264.13995, 193.21617, 262.28375, 288.08282], [256.74323, 197.04453, 264.40924, 296.79227], [1237.4421, 135.22011, 14.582153, 32.98201]], "probabilities": [[0.06642563, 0.06644988, 0.06642648, 0.06642627, 0.13332707, 0.06919582, 0.0664419, 0.06642593, 0.0664258, 0.06642605, 0.06642802, 0.06642562, 0.06674943, 0.06642608], [0.06521943, 0.12739028, 0.06826635, 0.06881605, 0.06687579, 0.0659951, 0.06724218, 0.06700787, 0.06621217, 0.06588358, 0.06918316, 0.06556115, 0.07070874, 0.06563811], [0.06646097, 0.12512071, 0.0671542, 0.06687007, 0.06708553, 0.06646421, 0.07455523, 0.06660329, 0.06659149, 0.06645992, 0.0670341, 0.06649274, 0.06658692, 0.06652064], [0.06629986, 0.12437367, 0.06633902, 0.06683127, 0.06667984, 0.07122324, 0.06715234, 0.06658637, 0.06630996, 0.06630677, 0.06631041, 0.06630218, 0.07297862, 0.06630645], [0.06848856, 0.06850547, 0.06849364, 0.0684906, 0.10805366, 0.06960483, 0.06852588, 0.0684889, 0.0684887, 0.06848966, 0.06849279, 0.06848855, 0.06889966, 0.06848915], [0.06824347, 0.06827683, 0.06824394, 0.06824456, 0.10141487, 0.07874874, 0.06827396, 0.06824408, 0.06824365, 0.06824578, 0.06825825, 0.06824356, 0.06907333, 0.06824491], [0.10032367, 0.06920429, 0.06920449, 0.06921293, 0.06920429, 0.06920473, 0.0692041, 0.06920439, 0.06921662, 0.0692044, 0.06920414, 0.06920417, 0.0692041, 0.06920367]], "classes": [4, 1, 1, 1, 4, 4, 0], "names": ["fire hydrant", "bus", "bus", "bus", "fire hydrant", "fire hydrant", "person"]}, "2": {"boxes": [[689.45404, 277.66684, 72.660095, 65.92197], [23.128525, 503.4052, 211.67029, 174.68701], [254.87094, 201.96144, 269.55875, 291.19165], [1237.5331, 136.59856, 14.480713, 32.749786], [986.92346, 103.23727, 25.884094, 17.962624]], "probabilities": [[0.0652089, 0.13616632, 0.06717451, 0.06849243, 0.0661484, 0.06554143, 0.0669019, 0.06624662, 0.06562103, 0.06566812, 0.0673211, 0.06531328, 0.06883116, 0.06536484], [0.0655079, 0.13376878, 0.06553851, 0.06598864, 0.06600634, 0.07248317, 0.06611405, 0.06609815, 0.06552012, 0.06551559, 0.06552255, 0.06551054, 0.07091183, 0.06551387], [0.0666895, 0.06672239, 0.06669288, 0.06669104, 0.12742336, 0.07116316, 0.06672163, 0.06669042, 0.06668979, 0.06669088, 0.06669564, 0.06668939, 0.06774958, 0.06669036], [0.10314364, 0.06898706, 0.06898727, 0.06899761, 0.06898702, 0.06898754, 0.06898678, 0.06898719, 0.06900204, 0.06898708, 0.06898678, 0.06898687, 0.06898683, 0.06898624], [0.10286409, 0.07121168, 0.06879426, 0.06908073, 0.06859154, 0.06840825, 0.06970837, 0.06850314, 0.07042915, 0.06838803, 0.06856509, 0.06842145, 0.06870685, 0.06832732]], "classes": [1, 1, 4, 0, 0], "names": ["bus", "bus", "fire hydrant", "person", "person"]}, "3": {"boxes": [[686.9368, 277.64374, 75.11847, 67.8407], [251.01662, 203.91013, 270.5136, 292.99124], [8.7296295, 509.3469, 221.21468, 173.61581], [852.4971, 131.8974, 34.605286, 29.1091], [441.3955, 438.50247, 163.95941, 132.38675]], "probabilities": [[0.06555481, 0.13636461, 0.06676991, 0.06814403, 0.06616096, 0.06579471, 0.06691932, 0.06622076, 0.06575704, 0.06585885, 0.0669983, 0.06562894, 0.06814657, 0.06568115], [0.06757168, 0.06759248, 0.06757608, 0.06757261, 0.11378057, 0.07457041, 0.06759762, 0.06757258, 0.06757188, 0.06757282, 0.06757646, 0.06757146, 0.06830123, 0.06757212], [0.06782255, 0.11119241, 0.06783368, 0.06820853, 0.06796242, 0.06888314, 0.06803079, 0.06804193, 0.06782408, 0.06782465, 0.06782366, 0.06782288, 0.07290568, 0.06782363], [0.06853721, 0.10525356, 0.06953425, 0.06845959, 0.06871292, 0.06759068, 0.07518062, 0.06818541, 0.06812203, 0.06757423, 0.06948303, 0.06760018, 0.06792458, 0.06784168], [0.06809315, 0.10043876, 0.0681067, 0.0685463, 0.06911203, 0.07143746, 0.06841368, 0.06921646, 0.06811615, 0.06811353, 0.06809398, 0.06809922, 0.07609996, 0.06811267]], "classes": [1, 4, 1, 1, 1], "names": ["bus", "fire hydrant", "bus", "bus", "bus"]}, "4": {"boxes": [[2.3485565, 512.9416, 220.80829, 175.27692], [763.8715, 216.18338, 55.755188, 52.492065], [252.84613, 199.46362, 267.56195, 301.66187], [870.199, 98.83594, 31.734558, 27.580605]], "probabilities": [[0.06525567, 0.14113048, 0.06528073, 0.06608196, 0.06546889, 0.06811346, 0.0658647, 0.06550243, 0.06526031, 0.06525902, 0.0652617, 0.06525736, 0.07100374, 0.06525958], [0.06529982, 0.13367829, 0.06617088, 0.0664106, 0.06674203, 0.06556145, 0.07166962, 0.06570292, 0.06546177, 0.06547732, 0.06967493, 0.06546281, 0.06714766, 0.0655399], [0.06736164, 0.06737583, 0.06736726, 0.06736241, 0.11990602, 0.07119481, 0.06738944, 0.06736242, 0.06736194, 0.06736226, 0.06736483, 0.06736147, 0.06786755, 0.06736211], [0.06848261, 0.10187843, 0.06922171, 0.06879102, 0.06915984, 0.06839185, 0.07399444, 0.06863789, 0.06854784, 0.06837121, 0.06907955, 0.06842789, 0.0685637, 0.06845205]], "classes": [1, 1, 4, 1], "names": ["bus", "bus", "fire hydrant", "bus"]}, "5": {"boxes": [[-4.3350067, 523.5225, 218.57968, 170.09662], [760.3907, 216.64592, 57.05255, 52.86766], [245.92853, 202.18845, 270.29144, 298.46725], [870.0866, 98.171616, 31.13977, 28.694199]], "probabilities": [[0.0635448, 0.15662451, 0.0635737, 0.06463779, 0.06370191, 0.07256733, 0.0650796, 0.06387588, 0.06355554, 0.06354743, 0.06355941, 0.06354626, 0.06863725, 0.06354853], [0.06431072, 0.13403836, 0.06586591, 0.06597134, 0.06692762, 0.06516268, 0.07255626, 0.06504368, 0.06489644, 0.06477999, 0.07238006, 0.06472052, 0.06853773, 0.06480866], [0.06753239, 0.06755333, 0.06754367, 0.06753343, 0.11538212, 0.07373469, 0.06756914, 0.06753421, 0.06753272, 0.06753308, 0.0675393, 0.06753179, 0.06794745, 0.06753268], [0.06773641, 0.10884473, 0.06878876, 0.0681084, 0.06849604, 0.06760786, 0.07597481, 0.06780677, 0.0677567, 0.06758615, 0.06825458, 0.0676344, 0.06773473, 0.06766959]], "classes": [1, 1, 4, 1], "names": ["bus", "bus", "fire hydrant", "bus"]}, "6": {"boxes": [[-4.188408, 521.5099, 216.53906, 177.70972], [758.8615, 217.62482, 59.13867, 54.51056], [423.02136, 451.9167, 172.69171, 135.72485], [241.63843, 208.22568, 272.71338, 290.0743]], "probabilities": [[0.06466586, 0.1375177, 0.06471353, 0.0652554, 0.06506865, 0.07772849, 0.0658787, 0.06535956, 0.06469859, 0.06467665, 0.06471131, 0.06467097, 0.07037777, 0.06467683], [0.06469521, 0.12906505, 0.06600036, 0.06587882, 0.06715712, 0.06547993, 0.07438187, 0.06529694, 0.06517451, 0.06510797, 0.07245119, 0.06506435, 0.06914286, 0.06510386], [0.06709865, 0.111941, 0.06710811, 0.06777533, 0.06768246, 0.06978179, 0.06725802, 0.06851086, 0.06711179, 0.06711424, 0.06709954, 0.06710036, 0.07731023, 0.06710764], [0.06848457, 0.06850764, 0.06851519, 0.06848466, 0.10640945, 0.07065514, 0.06854405, 0.06848628, 0.06848514, 0.06848491, 0.06849003, 0.06848282, 0.06948595, 0.06848416]], "classes": [1, 1, 1, 4], "names": ["bus", "bus", "bus", "fire hydrant"]}, "9": {"boxes": [[675.6305, 287.909, 77.76099, 71.17792], [227.69495, 213.73528, 283.57614, 297.2328], [1028.1298, 110.01154, 24.125244, 19.619362]], "probabilities": [[0.06568328, 0.13235605, 0.06747755, 0.06799782, 0.06638286, 0.06591804, 0.06871688, 0.06657491, 0.06589177, 0.06591119, 0.06738256, 0.06581816, 0.06788987, 0.06599905], [0.06695031, 0.06696855, 0.06695076, 0.06695052, 0.1238409, 0.07244289, 0.06695895, 0.06695039, 0.06695033, 0.06695056, 0.06695216, 0.06695029, 0.06723287, 0.06695054], [0.07074241, 0.10413417, 0.06870642, 0.06884968, 0.06822728, 0.06741828, 0.07630406, 0.06771606, 0.06855882, 0.06746944, 0.06891678, 0.06743984, 0.06794723, 0.06756953]], "classes": [1, 4, 1], "names": ["bus", "fire hydrant", "bus"]}, "10": {"boxes": [[674.1128, 292.04822, 78.00464, 69.469604], [221.58301, 215.00404, 286.04358, 295.43884], [1027.7844, 110.32353, 24.409302, 19.135391]], "probabilities": [[0.06489901, 0.14569859, 0.06576703, 0.06688701, 0.06545702, 0.06510785, 0.06724861, 0.06541353, 0.06499891, 0.06512173, 0.06632593, 0.06498393, 0.06703954, 0.06505128], [0.06716919, 0.06718474, 0.06717005, 0.06716931, 0.12242809, 0.07121845, 0.06717806, 0.06716922, 0.06716917, 0.06716934, 0.06717077, 0.06716911, 0.06746512, 0.06716932], [0.06958359, 0.10612325, 0.06855652, 0.06841149, 0.0682178, 0.0675186, 0.07588316, 0.06772453, 0.06844325, 0.06754358, 0.06877473, 0.06755861, 0.0680143, 0.06764665]], "classes": [1, 4, 1], "names": ["bus", "fire hydrant", "bus"]}, "11": {"boxes": [[673.12146, 291.0379, 79.59009, 72.42108], [1027.559, 110.162704, 24.270874, 18.18071], [216.8447, 217.37662, 287.44937, 297.1483]], "probabilities": [[0.065458, 0.14318638, 0.06597281, 0.0664085, 0.06577201, 0.06556007, 0.0668616, 0.06569932, 0.06550971, 0.06557115, 0.06635721, 0.06550208, 0.06659869, 0.06554248], [0.06915118, 0.11030941, 0.06745865, 0.07054263, 0.06773169, 0.06629413, 0.07599062, 0.06684854, 0.07153565, 0.06640301, 0.06752662, 0.06643711, 0.06747128, 0.0662995], [0.06856294, 0.06856845, 0.06856554, 0.068563, 0.10243841, 0.07452777, 0.06857099, 0.06856307, 0.0685629, 0.06856307, 0.06856458, 0.06856286, 0.06882345, 0.06856301]], "classes": [1, 1, 4], "names": ["bus", "bus", "fire hydrant"]}, "12": {"boxes": [[671.8495, 291.63666, 80.04407, 74.70993], [1027.2698, 110.11006, 24.424072, 17.752083], [211.3414, 217.22057, 295.4354, 309.6845]], "probabilities": [[0.06494692, 0.14374146, 0.06572092, 0.06667957, 0.06573507, 0.06532497, 0.06793945, 0.06558233, 0.06508929, 0.06520066, 0.0666131, 0.06511086, 0.06718352, 0.06513186], [0.06795806, 0.11825264, 0.06705371, 0.06925192, 0.06715713, 0.06599347, 0.07614831, 0.06635013, 0.06971465, 0.0660758, 0.06701563, 0.06609727, 0.06691534, 0.0660159], [0.06806283, 0.068065, 0.06806381, 0.06806285, 0.10439721, 0.0787774, 0.06806591, 0.06806304, 0.06806289, 0.06806285, 0.06806348, 0.06806281, 0.0681271, 0.06806289]], "classes": [1, 1, 4], "names": ["bus", "bus", "fire hydrant"]}, "13": {"boxes": [[670.8146, 293.18085, 80.52008, 77.5639], [1026.9462, 110.04194, 24.517822, 17.871536], [208.77338, 220.43323, 294.29752, 306.45862]], "probabilities": [[0.0657297, 0.1343672, 0.06658139, 0.06691092, 0.06649413, 0.06608903, 0.06927278, 0.06607684, 0.06584901, 0.06591313, 0.0673579, 0.06582801, 0.06767325, 0.06585664], [0.06876086, 0.11384913, 0.06741063, 0.06965803, 0.06754646, 0.06646945, 0.07522723, 0.06680213, 0.06991861, 0.0665579, 0.06745614, 0.06654618, 0.06731275, 0.06648451], [0.06822666, 0.06823198, 0.06822853, 0.06822664, 0.10807396, 0.07308909, 0.06823202, 0.06822694, 0.06822684, 0.06822664, 0.06822729, 0.06822658, 0.06833015, 0.06822674]], "classes": [1, 1, 4], "names": ["bus", "bus", "fire hydrant"]}, "14": {"boxes": [[668.54315, 300.61734, 81.843506, 69.3851], [868.8586, 103.64536, 30.32367, 27.514977], [204.59277, 219.36252, 295.96652, 307.64285]], "probabilities": [[0.06541939, 0.1423138, 0.06616634, 0.06719671, 0.06580505, 0.06556693, 0.06644583, 0.06584851, 0.06548885, 0.06554513, 0.06634897, 0.0654704, 0.06686349, 0.06552062], [0.06712987, 0.11925513, 0.06755992, 0.06752365, 0.06741622, 0.06711113, 0.07361678, 0.06718531, 0.06715468, 0.06711087, 0.0674579, 0.06712016, 0.06722043, 0.06713793], [0.06746716, 0.06747213, 0.06746902, 0.06746715, 0.11629821, 0.07401167, 0.06747324, 0.06746764, 0.06746733, 0.06746712, 0.06746814, 0.06746707, 0.06753692, 0.06746724]], "classes": [1, 1, 4], "names": ["bus", "bus", "fire hydrant"]}, "15": {"boxes": [[747.1229, 231.93108, 60.445984, 52.104843], [199.91977, 221.49234, 298.26273, 308.33694], [1026.1904, 109.30962, 24.6969, 18.15438]], "probabilities": [[0.06558919, 0.13608164, 0.0664741, 0.06612305, 0.0663696, 0.06575904, 0.07008886, 0.06593566, 0.06578306, 0.0657157, 0.06769621, 0.06570195, 0.06689881, 0.06578309], [0.06723522, 0.0672422, 0.06723885, 0.06723519, 0.1218289, 0.07125513, 0.06724401, 0.06723578, 0.06723548, 0.06723512, 0.06723685, 0.0672351, 0.06730682, 0.06723534], [0.06983667, 0.10639909, 0.06793457, 0.06981674, 0.0681611, 0.06739599, 0.07458001, 0.06766164, 0.0695178, 0.06745595, 0.06836448, 0.06743314, 0.06805246, 0.06739029]], "classes": [1, 4, 1], "names": ["bus", "fire hydrant", "bus"]}, "16": {"boxes": [[747.8641, 229.91664, 59.47113, 56.575424], [193.06076, 225.26364, 305.6293, 311.2336], [1026.3085, 109.76927, 25.79248, 18.240005], [1224.5256, 334.13766, 23.73352, 49.206604]], "probabilities": [[0.06562155, 0.1300463, 0.06641716, 0.06644916, 0.06696954, 0.06613115, 0.0699823, 0.06610965, 0.06596025, 0.06593546, 0.07045546, 0.06586599, 0.06817546, 0.06588058], [0.06723776, 0.06724254, 0.06723789, 0.06723778, 0.11932398, 0.07371926, 0.06724021, 0.06723781, 0.06723778, 0.06723779, 0.06723828, 0.06723776, 0.06733338, 0.06723784], [0.07025863, 0.10638801, 0.06878731, 0.06827346, 0.06815872, 0.0677181, 0.07449536, 0.06782044, 0.06817748, 0.06774333, 0.06857006, 0.06774209, 0.06807709, 0.06778994], [0.06931724, 0.06916033, 0.06895726, 0.06890778, 0.06951081, 0.06895423, 0.06888818, 0.06892385, 0.10195579, 0.06890652, 0.06927264, 0.06918792, 0.06913389, 0.06892359]], "classes": [1, 4, 1, 8], "names": ["bus", "fire hydrant", "bus", "boat"]}, "17": {"boxes": [[747.0793, 230.87946, 60.57263, 57.75171], [1026.2397, 109.66132, 25.853516, 18.276405]], "probabilities": [[0.06588231, 0.12686132, 0.06661233, 0.06653345, 0.06730202, 0.06637716, 0.07025804, 0.06624597, 0.06626354, 0.06613944, 0.07084523, 0.06610542, 0.06846051, 0.06611326], [0.06976356, 0.10959306, 0.06862303, 0.06809802, 0.06794286, 0.06754275, 0.07400577, 0.06763162, 0.06792364, 0.06756652, 0.06829102, 0.06756329, 0.0678481, 0.06760682]], "classes": [1, 1], "names": ["bus", "bus"]}, "18": {"boxes": [[660.26587, 305.7981, 86.07733, 73.25168], [868.12775, 108.98521, 29.345703, 26.3601], [188.12286, 232.55199, 304.80545, 303.28094], [1218.521, 326.78275, 20.864136, 48.497894]], "probabilities": [[0.0656265, 0.1318153, 0.06678598, 0.06792051, 0.0666094, 0.06610987, 0.06885836, 0.06651422, 0.0658262, 0.06595362, 0.06727639, 0.06593305, 0.0688999, 0.06587069], [0.06740881, 0.11181522, 0.06826125, 0.06809392, 0.06752073, 0.06710311, 0.07799252, 0.06746565, 0.06731065, 0.06708827, 0.06793793, 0.06710127, 0.06777388, 0.06712681], [0.06772386, 0.06772667, 0.06772407, 0.06772386, 0.11168554, 0.07555459, 0.0677265, 0.06772392, 0.06772389, 0.06772389, 0.06772409, 0.06772385, 0.06779141, 0.0677239], [0.06951244, 0.06970125, 0.0689035, 0.06886403, 0.06973652, 0.06889293, 0.06900688, 0.06883673, 0.10129362, 0.06880836, 0.06939295, 0.06920708, 0.06901709, 0.06882665]], "classes": [1, 1, 4, 8], "names": ["bus", "bus", "fire hydrant", "boat"]}, "19": {"boxes": [[741.3701, 236.45853, 63.65973, 55.24637], [1217.5404, 322.97766, 20.943237, 49.39792], [868.2362, 107.6287, 30.493103, 28.12191]], "probabilities": [[0.06498491, 0.13442403, 0.06655373, 0.06684306, 0.06622386, 0.06552848, 0.07010201, 0.0658386, 0.0655067, 0.06540872, 0.06921393, 0.06518112, 0.06887282, 0.06531802], [0.06919415, 0.06789686, 0.06768093, 0.06744173, 0.06841335, 0.0674915, 0.06751533, 0.06742971, 0.11866834, 0.06738672, 0.06802482, 0.06780604, 0.06763752, 0.06741301], [0.06833518, 0.10424123, 0.06892453, 0.06856474, 0.06822336, 0.06788629, 0.07678203, 0.06818232, 0.06814647, 0.06788427, 0.06859418, 0.06789474, 0.06841248, 0.06792819]], "classes": [1, 8, 1], "names": ["bus", "boat", "bus"]}, "20": {"boxes": [[740.3049, 237.88554, 64.15613, 55.62224], [1211.1918, 322.79688, 19.849365, 44.892242], [180.86374, 231.40161, 308.33115, 309.83588], [326.27362, 520.7623, 205.4831, 164.7887], [868.0468, 110.54709, 29.840637, 25.635681]], "probabilities": [[0.06495923, 0.12926729, 0.06761562, 0.06885561, 0.06630581, 0.0654139, 0.07085132, 0.06586496, 0.06549741, 0.06550924, 0.06930347, 0.06500351, 0.07037237, 0.06518028], [0.06827828, 0.06763208, 0.06723151, 0.06725816, 0.06787216, 0.06723054, 0.0671754, 0.06716673, 0.12341877, 0.06713393, 0.06751657, 0.06749308, 0.06747617, 0.06711663], [0.06793848, 0.06794224, 0.06793872, 0.06793847, 0.1118181, 0.07279083, 0.06794198, 0.06793853, 0.06793851, 0.06793852, 0.06793871, 0.06793845, 0.06805995, 0.06793851], [0.06799497, 0.10574045, 0.06802022, 0.06846409, 0.06877822, 0.07100166, 0.06826063, 0.069231, 0.06801813, 0.06800916, 0.06800599, 0.06800364, 0.0724609, 0.06801093], [0.068596, 0.10105365, 0.0691325, 0.06880286, 0.06859222, 0.06829222, 0.07598173, 0.06853013, 0.06850445, 0.06828302, 0.06885538, 0.06831911, 0.06872393, 0.06833275]], "classes": [1, 8, 4, 1, 1], "names": ["bus", "boat", "fire hydrant", "bus", "bus"]}, "21": {"boxes": [[738.90625, 239.35449, 65.87579, 54.941284], [172.30978, 226.38998, 312.0809, 322.23538], [1208.7158, 319.70172, 20.722534, 45.692627]], "probabilities": [[0.06493532, 0.13026887, 0.06665459, 0.06900285, 0.06626871, 0.06537233, 0.07137638, 0.06579104, 0.06522638, 0.06545674, 0.06864551, 0.06500365, 0.07089364, 0.06510404], [0.06659725, 0.06660322, 0.06659734, 0.06659725, 0.12805435, 0.07272603, 0.06660114, 0.06659733, 0.06659729, 0.06659727, 0.06659758, 0.06659722, 0.06663943, 0.06659729], [0.06833263, 0.06781937, 0.0677783, 0.06766127, 0.06851571, 0.06762517, 0.06757426, 0.06772704, 0.11729656, 0.06760664, 0.06803199, 0.06819573, 0.06819028, 0.06764504]], "classes": [1, 4, 8], "names": ["bus", "fire hydrant", "boat"]}, "22": {"boxes": [[654.43445, 311.6221, 85.11914, 77.11197], [167.30452, 226.06244, 313.3272, 327.27228]], "probabilities": [[0.06558681, 0.1290065, 0.06692049, 0.06906939, 0.06678819, 0.06609573, 0.06939966, 0.06659747, 0.06578373, 0.06589196, 0.06746572, 0.06590745, 0.06954157, 0.06594531], [0.06810824, 0.0681093, 0.06810829, 0.06810824, 0.10623746, 0.07644985, 0.06810994, 0.06810828, 0.06810825, 0.06810825, 0.06810839, 0.06810822, 0.0681191, 0.06810825]], "classes": [1, 4], "names": ["bus", "fire hydrant"]}, "23": {"boxes": [[735.155, 241.6864, 64.33685, 55.885864], [161.6359, 225.6013, 318.9821, 331.286]], "probabilities": [[0.06411073, 0.12156047, 0.06865127, 0.06807803, 0.06760118, 0.06566843, 0.07021226, 0.06648995, 0.06720255, 0.06514117, 0.07094585, 0.06510739, 0.07416114, 0.06506958], [0.06784429, 0.06784573, 0.06784445, 0.06784427, 0.11318801, 0.07265926, 0.0678466, 0.06784433, 0.06784431, 0.06784426, 0.06784449, 0.06784426, 0.06786145, 0.06784429]], "classes": [1, 4], "names": ["bus", "fire hydrant"]}, "24": {"boxes": [[733.5262, 244.32492, 65.47278, 55.38968], [1200.7698, 309.07938, 19.837402, 46.424164], [161.93542, 225.37337, 316.4953, 332.68506], [294.3136, 539.8084, 216.0568, 179.90363]], "probabilities": [[0.06532898, 0.12788478, 0.06704251, 0.06705408, 0.06703448, 0.0660762, 0.06967163, 0.06627021, 0.06617179, 0.06584306, 0.06976639, 0.06575841, 0.07031664, 0.06578085], [0.06850218, 0.06845557, 0.06830318, 0.06815559, 0.06878646, 0.06819513, 0.06825802, 0.06819125, 0.11142001, 0.06815773, 0.06860019, 0.06843553, 0.06834555, 0.06819356], [0.06829828, 0.06830028, 0.06829835, 0.06829826, 0.10351163, 0.07689635, 0.06830037, 0.06829832, 0.0682983, 0.06829826, 0.06829854, 0.06829826, 0.06830653, 0.06829827], [0.06830419, 0.10241183, 0.06833503, 0.06886035, 0.06874172, 0.06997181, 0.06844914, 0.07028659, 0.06831364, 0.0683153, 0.06831048, 0.06830656, 0.07308325, 0.0683101]], "classes": [1, 8, 4, 1], "names": ["bus", "boat", "fire hydrant", "bus"]}, "25": {"boxes": [[730.36395, 246.10461, 65.13275, 54.483032], [1195.5936, 307.30005, 18.436157, 44.252533], [159.42758, 228.93695, 314.90952, 325.73828]], "probabilities": [[0.06529405, 0.13269223, 0.06688307, 0.06695727, 0.06649326, 0.06554548, 0.07178851, 0.06608713, 0.06557133, 0.06551678, 0.06770846, 0.06546706, 0.06831975, 0.06567556], [0.06879802, 0.06837555, 0.06820605, 0.06820357, 0.06853271, 0.06819407, 0.068151, 0.06815846, 0.11206076, 0.06814142, 0.0683051, 0.06837855, 0.06835222, 0.06814247], [0.0681457, 0.06814848, 0.06814636, 0.06814563, 0.10889922, 0.07331635, 0.06815077, 0.06814577, 0.06814571, 0.06814562, 0.06814621, 0.06814559, 0.06817301, 0.06814563]], "classes": [1, 8, 4], "names": ["bus", "boat", "fire hydrant"]}, "26": {"boxes": [[728.28705, 247.77972, 66.329773, 54.519684], [146.33325, 236.22375, 328.9754, 342.8963], [276.2818, 552.40833, 226.63788, 179.76678], [-0.076508522, 634.33911, 36.346119, 115.85925]], "probabilities": [[0.06521352, 0.13384749, 0.0684637, 0.06642378, 0.06637326, 0.0656103, 0.06885461, 0.06624419, 0.06618266, 0.06556879, 0.06853452, 0.06542099, 0.06768365, 0.06557858], [0.06706318, 0.06706589, 0.06706352, 0.06706319, 0.12402209, 0.07115852, 0.06706549, 0.06706329, 0.06706323, 0.06706319, 0.06706344, 0.06706317, 0.06711854, 0.06706325], [0.06723005, 0.11411176, 0.06726517, 0.06796467, 0.06751546, 0.06993347, 0.0675283, 0.06823366, 0.06723513, 0.06723695, 0.06723665, 0.06723157, 0.07404248, 0.06723481], [0.11263553, 0.06838481, 0.06832672, 0.0683101, 0.06822601, 0.06822408, 0.06821702, 0.06817463, 0.06862929, 0.06817311, 0.06819415, 0.06818809, 0.06816476, 0.06815165]], "classes": [1, 4, 1, 0], "names": ["bus", "fire hydrant", "bus", "person"]}, "30": {"boxes": [[723.59827, 250.45296, 68.51477, 60.527695], [127.54109, 242.85464, 342.38556, 334.95798], [240.49658, 578.19696, 236.18329, 180.92017], [239.46088, 582.2434, 238.24557, 172.46234], [507.4106, 171.78033, 160.25137, 183.30917], [843.4929, 153.10434, 35.180786, 29.988495]], "probabilities": [[0.0661912, 0.13264719, 0.0668105, 0.06725626, 0.06655645, 0.06632021, 0.0677651, 0.06648314, 0.0663434, 0.06632352, 0.06745627, 0.06622557, 0.06736067, 0.06626057], [0.06637668, 0.06637891, 0.06637706, 0.06637667, 0.132225, 0.07122907, 0.06637924, 0.06637681, 0.06637675, 0.06637666, 0.0663769, 0.06637666, 0.06639683, 0.0663767], [0.06745868, 0.11554129, 0.06751101, 0.06815229, 0.06757214, 0.0710384, 0.06781446, 0.06847629, 0.06748169, 0.06746268, 0.0675039, 0.06746022, 0.06906377, 0.06746317], [0.06825387, 0.10387681, 0.06830737, 0.06966571, 0.06838482, 0.06947603, 0.06848027, 0.06956789, 0.06825692, 0.06825911, 0.06825921, 0.06825521, 0.07269897, 0.06825776], [0.06751958, 0.06808051, 0.06761025, 0.06755593, 0.07712195, 0.07770676, 0.06835963, 0.06770588, 0.06760444, 0.0677165, 0.06753778, 0.06753301, 0.10035995, 0.06758787], [0.06819572, 0.10004371, 0.06873123, 0.06885087, 0.06908438, 0.06814586, 0.07757842, 0.06849367, 0.06837679, 0.06809932, 0.06974412, 0.06816679, 0.06824008, 0.06824904]], "classes": [1, 4, 1, 1, 12, 1], "names": ["bus", "fire hydrant", "bus", "bus", "parking meter", "bus"]}, "31": {"boxes": [[724.33636, 253.14899, 66.60852, 58.327057], [120.430115, 250.85248, 348.52734, 338.05414], [863.3506, 115.59161, 30.705627, 26.864761], [1178.935, 292.54373, 18.230469, 40.69693]], "probabilities": [[0.0655337, 0.13165872, 0.06680124, 0.06900606, 0.06631193, 0.06573264, 0.06996836, 0.06606656, 0.06571312, 0.06580276, 0.06768147, 0.06552929, 0.06860137, 0.0655928], [0.06707462, 0.06707548, 0.06707498, 0.06707463, 0.11586511, 0.07921807, 0.06707661, 0.0670751, 0.06707475, 0.06707463, 0.06707487, 0.06707462, 0.06709176, 0.06707469], [0.06712466, 0.10103409, 0.06843859, 0.07133958, 0.06917398, 0.06710757, 0.08271279, 0.06761958, 0.06751171, 0.06690907, 0.06906224, 0.06712459, 0.06791665, 0.06692495], [0.06923235, 0.06924699, 0.0691523, 0.06917193, 0.0693495, 0.06915349, 0.06913684, 0.06915043, 0.10023442, 0.06913701, 0.06927232, 0.06930979, 0.06930106, 0.0691516]], "classes": [1, 4, 1, 8], "names": ["bus", "fire hydrant", "bus", "boat"]}, "32": {"boxes": [[719.61, 256.49533, 69.78241, 57.002075], [862.944, 115.93991, 30.969849, 27.087845]], "probabilities": [[0.06492031, 0.13413152, 0.06886101, 0.06744845, 0.06609152, 0.06519479, 0.07008956, 0.06578662, 0.0654265, 0.06524286, 0.06760783, 0.06507753, 0.06877051, 0.06535098], [0.06611279, 0.1059811, 0.06853542, 0.07165295, 0.06931432, 0.06626037, 0.08425618, 0.06692255, 0.0667727, 0.0660445, 0.0686279, 0.06625236, 0.06716483, 0.06610201]], "classes": [1, 1], "names": ["bus", "bus"]}, "33": {"boxes": [[718.05963, 257.02164, 69.16229, 59.564056], [106.6994, 249.97751, 346.81152, 341.39224], [862.9045, 116.54627, 30.178467, 26.67469]], "probabilities": [[0.06488243, 0.13192013, 0.06768604, 0.06671529, 0.06654666, 0.06556971, 0.06951148, 0.06587266, 0.06596108, 0.06539283, 0.06926492, 0.06525765, 0.07004908, 0.06537006], [0.06717376, 0.067174, 0.0671738, 0.06717376, 0.11097332, 0.08293851, 0.06717406, 0.06717379, 0.06717377, 0.06717376, 0.06717383, 0.06717376, 0.06717602, 0.06717377], [0.06624965, 0.11046839, 0.06819915, 0.06932782, 0.06892604, 0.06637707, 0.08260696, 0.0667002, 0.06692125, 0.06622985, 0.06836092, 0.06641333, 0.0668947, 0.06632464]], "classes": [1, 4, 1], "names": ["bus", "fire hydrant", "bus"]}, "34": {"boxes": [[718.0414, 259.44873, 67.62982, 58.667847], [862.79395, 116.76814, 29.978699, 27.195786], [95.68857, 246.75012, 358.65567, 358.3067]], "probabilities": [[0.0661063, 0.12892897, 0.06701418, 0.06693729, 0.06696972, 0.06638072, 0.06902794, 0.06648271, 0.06641477, 0.06632008, 0.06854098, 0.06627926, 0.06825954, 0.06633756], [0.066585, 0.10537402, 0.06877831, 0.06963527, 0.06997882, 0.06668329, 0.08205785, 0.06709016, 0.06770259, 0.06649194, 0.06906877, 0.06675693, 0.06717838, 0.0666186], [0.06755724, 0.06755739, 0.06755743, 0.06755725, 0.08762255, 0.1016853, 0.06755756, 0.06755748, 0.06755727, 0.06755725, 0.06755739, 0.06755725, 0.06756143, 0.06755726]], "classes": [1, 1, 5], "names": ["bus", "bus", "motorcycle"]}, "35": {"boxes": [[623.9375, 343.59305, 98.50415, 79.42758], [86.474335, 251.82117, 364.52463, 359.60486]], "probabilities": [[0.06605553, 0.13582663, 0.06640384, 0.06831997, 0.06624396, 0.06611404, 0.06702472, 0.06623533, 0.06606854, 0.06609815, 0.06638013, 0.06608925, 0.06703599, 0.06610385], [0.06713282, 0.06713296, 0.06713293, 0.06713282, 0.10374266, 0.09066047, 0.06713315, 0.06713293, 0.06713283, 0.06713282, 0.06713295, 0.06713282, 0.06713492, 0.06713284]], "classes": [1, 4], "names": ["bus", "fire hydrant"]}, "36": {"boxes": [[712.31866, 264.48083, 68.79364, 55.993805], [85.98508, 255.96326, 363.47363, 355.48486]], "probabilities": [[0.0651817, 0.13565831, 0.06886897, 0.06684676, 0.06617495, 0.06545717, 0.06870022, 0.06610786, 0.06590021, 0.06551185, 0.06748415, 0.06526816, 0.06740122, 0.06543847], [0.06669888, 0.06669904, 0.06669889, 0.06669888, 0.11324983, 0.08636233, 0.0666991, 0.06669891, 0.06669888, 0.06669888, 0.06669891, 0.06669888, 0.06669969, 0.06669889]], "classes": [1, 4], "names": ["bus", "fire hydrant"]}, "37": {"boxes": [[710.8007, 263.6514, 68.7323, 57.837097], [84.42514, 256.58035, 364.171, 354.42245]], "probabilities": [[0.06569918, 0.13540357, 0.06795622, 0.06686459, 0.0662905, 0.06589151, 0.06761573, 0.06638303, 0.06617077, 0.06590345, 0.06724955, 0.06575625, 0.06695199, 0.06586366], [0.06693862, 0.06693867, 0.06693864, 0.06693862, 0.09325182, 0.10348312, 0.06693878, 0.06693868, 0.06693862, 0.06693862, 0.06693866, 0.06693862, 0.06693994, 0.06693862]], "classes": [1, 5], "names": ["bus", "motorcycle"]}, "38": {"boxes": [[711.0556, 263.64212, 67.31433, 60.076538], [78.753204, 258.53616, 368.543, 353.41098]], "probabilities": [[0.06563397, 0.1342557, 0.06760787, 0.06685186, 0.06642988, 0.06592047, 0.06781769, 0.06638668, 0.06628214, 0.06588791, 0.06802437, 0.06573354, 0.06730748, 0.06586032], [0.06690298, 0.06690311, 0.06690308, 0.06690299, 0.11375489, 0.08340352, 0.06690346, 0.06690309, 0.066903, 0.06690299, 0.06690305, 0.06690298, 0.0669078, 0.066903]], "classes": [1, 4], "names": ["bus", "fire hydrant"]}, "39": {"boxes": [[706.62854, 263.68213, 70.79584, 61.930145], [861.9312, 119.17965, 30.804993, 27.889626], [66.255066, 258.81265, 387.89444, 364.44894]], "probabilities": [[0.06642712, 0.12744685, 0.06740984, 0.06782852, 0.06699399, 0.06663263, 0.0676892, 0.06697215, 0.06670254, 0.06661201, 0.06829374, 0.06650139, 0.06791224, 0.06657781], [0.06710622, 0.10852495, 0.06809344, 0.06882171, 0.06855144, 0.06716957, 0.07993015, 0.06747553, 0.06729844, 0.06710903, 0.06808314, 0.06724486, 0.06736667, 0.06722478], [0.06768225, 0.06768265, 0.06768233, 0.06768227, 0.08441211, 0.1033881, 0.06768314, 0.0676825, 0.06768227, 0.06768229, 0.06768242, 0.06768225, 0.06769313, 0.06768227]], "classes": [1, 1, 5], "names": ["bus", "bus", "motorcycle"]}, "40": {"boxes": [[705.03, 267.06616, 71.58026, 61.787994], [63.391632, 257.07217, 377.85306, 374.29135], [861.82904, 120.08371, 30.454529, 28.292542]], "probabilities": [[0.06606493, 0.13647716, 0.06673691, 0.06681935, 0.06635424, 0.06613387, 0.06695899, 0.06623571, 0.06618018, 0.066139, 0.06696307, 0.06607574, 0.06675826, 0.06610256], [0.06610387, 0.06610398, 0.06610394, 0.06610388, 0.132917, 0.0738331, 0.06610421, 0.06610395, 0.06610389, 0.06610387, 0.0661039, 0.06610387, 0.06610665, 0.06610388], [0.06744844, 0.10290076, 0.06847429, 0.06955943, 0.06890682, 0.06747688, 0.08124307, 0.06785025, 0.0676071, 0.06742895, 0.06833199, 0.06756396, 0.06764299, 0.06756514]], "classes": [1, 4, 1], "names": ["bus", "fire hydrant", "bus"]}, "41": {"boxes": [[612.14685, 355.75064, 100.35138, 82.23285], [59.744766, 256.60703, 377.76447, 372.42526], [862.2326, 121.13143, 28.677307, 27.48507]], "probabilities": [[0.06560916, 0.14410424, 0.06598824, 0.06678171, 0.06570873, 0.06563132, 0.06623537, 0.06574149, 0.06561755, 0.06562819, 0.06580632, 0.06562089, 0.06587645, 0.06565031], [0.06552776, 0.06552788, 0.06552781, 0.06552776, 0.14282219, 0.07084259, 0.06552815, 0.06552781, 0.06552777, 0.06552776, 0.06552778, 0.06552776, 0.06552925, 0.06552777], [0.06673244, 0.11020441, 0.06885598, 0.06752171, 0.06756283, 0.065848, 0.0882335, 0.06705648, 0.0664763, 0.06583977, 0.06721765, 0.06608858, 0.06637466, 0.06598765]], "classes": [1, 4, 1], "names": ["bus", "fire hydrant", "bus"]}, "42": {"boxes": [[701.6468, 272.75726, 72.74054, 61.72046], [49.532608, 266.52307, 385.43738, 357.1618], [861.4809, 122.190094, 30.61676, 26.952911]], "probabilities": [[0.06581829, 0.13608277, 0.0672741, 0.06686655, 0.06623349, 0.06590971, 0.06771708, 0.06612031, 0.06595787, 0.06594847, 0.06701306, 0.06585776, 0.06726355, 0.06593694], [0.06627038, 0.06627051, 0.0662704, 0.06627038, 0.12968175, 0.07507195, 0.0662707, 0.06627046, 0.0662704, 0.06627038, 0.0662704, 0.06627038, 0.0662715, 0.06627039], [0.06805795, 0.10119272, 0.06873868, 0.06925206, 0.06889521, 0.06801813, 0.07836387, 0.06833588, 0.06811971, 0.06799732, 0.06868321, 0.06807322, 0.06816547, 0.06810662]], "classes": [1, 4, 1], "names": ["bus", "fire hydrant", "bus"]}, "43": {"boxes": [[702.55115, 273.8683, 71.299255, 62.208435], [41.283173, 262.39056, 395.5663, 380.76556], [861.945, 122.112755, 30.407349, 27.440498]], "probabilities": [[0.06661174, 0.12626252, 0.0673812, 0.06744704, 0.06700812, 0.06671284, 0.06843826, 0.06691533, 0.06672835, 0.06676487, 0.06795414, 0.0666738, 0.06833501, 0.06676678], [0.06742822, 0.06742959, 0.06742831, 0.06742833, 0.11853792, 0.07231415, 0.06743099, 0.06742919, 0.06742845, 0.06742825, 0.06742839, 0.06742822, 0.06743169, 0.06742833], [0.06744277, 0.10723688, 0.06822199, 0.06878284, 0.06840902, 0.06742682, 0.07904293, 0.06772973, 0.06757186, 0.06740411, 0.06817795, 0.06747052, 0.06757291, 0.06750961]], "classes": [1, 4, 1], "names": ["bus", "fire hydrant", "bus"]}, "44": {"boxes": [[700.4733, 274.16803, 71.03015, 62.452972], [48.800095, 256.5545, 378.56183, 394.81976]], "probabilities": [[0.06718485, 0.12080495, 0.0677429, 0.06784267, 0.06753897, 0.06727447, 0.06856568, 0.06740259, 0.06727903, 0.0672907, 0.06822196, 0.06723553, 0.06833068, 0.06728502], [0.06656133, 0.0665614, 0.0665614, 0.06656133, 0.09185931, 0.1094036, 0.06656151, 0.06656143, 0.06656135, 0.06656133, 0.06656141, 0.06656133, 0.06656193, 0.06656133]], "classes": [1, 5], "names": ["bus", "motorcycle"]}, "45": {"boxes": [[697.5634, 277.40396, 71.1922, 61.620575], [19.567932, 270.9321, 410.16638, 385.74246]], "probabilities": [[0.06655308, 0.12630233, 0.06894767, 0.06771411, 0.06695797, 0.06662153, 0.0680616, 0.06695681, 0.06674531, 0.06666302, 0.0674534, 0.06658775, 0.06771787, 0.06671762], [0.06690026, 0.06690053, 0.0669003, 0.06690028, 0.11922178, 0.07797302, 0.06690098, 0.06690046, 0.06690029, 0.06690027, 0.06690033, 0.06690027, 0.06690098, 0.06690028]], "classes": [1, 4], "names": ["bus", "fire hydrant"]}, "55": {"boxes": [[675.2046, 293.97873, 76.677, 63.032654], [-1.6408081, 286.80167, 385.8111, 424.4155]], "probabilities": [[0.065391, 0.1400175, 0.06693451, 0.06613179, 0.06602672, 0.06561233, 0.06733499, 0.06589538, 0.06574289, 0.06556726, 0.06741932, 0.0654864, 0.06681545, 0.06562448], [0.06588437, 0.06588459, 0.0658891, 0.06588459, 0.1386486, 0.07071494, 0.06589169, 0.0658882, 0.06588484, 0.06588438, 0.06588486, 0.06588438, 0.06589089, 0.06588458]], "classes": [1, 4], "names": ["bus", "fire hydrant"]}, "56": {"boxes": [[674.10535, 293.55182, 77.21167, 68.566895], [-2.6642914, 286.03088, 385.4809, 428.66882]], "probabilities": [[0.06585129, 0.13991576, 0.06655505, 0.06633048, 0.06609607, 0.06589896, 0.06680006, 0.06599249, 0.06592349, 0.06590513, 0.06659966, 0.06586864, 0.06635591, 0.06590696], [0.06674378, 0.06674387, 0.06674561, 0.06674386, 0.12528905, 0.07377625, 0.06674661, 0.06674522, 0.06674393, 0.06674378, 0.06674407, 0.06674379, 0.06674631, 0.06674386]], "classes": [1, 4], "names": ["bus", "fire hydrant"]}, "57": {"boxes": [[671.7423, 294.27567, 77.75629, 69.798584], [1033.0004, 610.6997, 192.95056, 137.5321], [-2.0147247, 286.24744, 375.15295, 434.83142]], "probabilities": [[0.06598864, 0.13726175, 0.06675471, 0.06645625, 0.06631021, 0.06607059, 0.06689642, 0.06612933, 0.06611468, 0.06606158, 0.06713131, 0.06601253, 0.06676269, 0.06604929], [0.06661753, 0.12484192, 0.06662919, 0.06708427, 0.0667457, 0.07073017, 0.06726036, 0.06685402, 0.06663411, 0.06661949, 0.06662345, 0.06662006, 0.07011703, 0.06662276], [0.0675503, 0.06755032, 0.06759118, 0.06755038, 0.11330514, 0.07603399, 0.06755387, 0.0675528, 0.06755058, 0.06755029, 0.067551, 0.0675503, 0.06755946, 0.06755041]], "classes": [1, 1, 4], "names": ["bus", "bus", "fire hydrant"]}, "58": {"boxes": [[670.0427, 296.23123, 80.47217, 72.91315], [770.0158, 212.93816, 53.4859, 50.206802], [-5.1596375, 287.66446, 373.93002, 431.38553], [1030.6672, 593.7969, 187.50964, 142.2555]], "probabilities": [[0.06637042, 0.1341424, 0.06672734, 0.0666592, 0.06653874, 0.06640912, 0.06726572, 0.06641766, 0.06640463, 0.06640321, 0.06702816, 0.06637383, 0.06686971, 0.06638987], [0.06482219, 0.11798953, 0.06787223, 0.06627104, 0.06901444, 0.06648128, 0.07073593, 0.06642278, 0.06793756, 0.0656096, 0.07531194, 0.06580535, 0.07031505, 0.06541106], [0.06722712, 0.06722715, 0.06723709, 0.06722714, 0.11685114, 0.0764059, 0.06722891, 0.06722807, 0.06722724, 0.06722712, 0.06722742, 0.06722712, 0.06723145, 0.06722716], [0.06852385, 0.10094361, 0.06853636, 0.06882708, 0.06873562, 0.07251007, 0.06936156, 0.06867163, 0.06854644, 0.06852785, 0.0685307, 0.06852964, 0.07122517, 0.06853046]], "classes": [1, 1, 4, 1], "names": ["bus", "bus", "fire hydrant", "bus"]}, "59": {"boxes": [[769.20447, 214.26201, 53.99243, 50.59172], [-1.8179016, 284.18192, 366.24173, 435.38193]], "probabilities": [[0.06498282, 0.13105959, 0.06647714, 0.0655739, 0.06734695, 0.06580232, 0.07074114, 0.06552199, 0.06636984, 0.06536338, 0.07225834, 0.0654927, 0.06769886, 0.06531098], [0.06631675, 0.06631685, 0.06632591, 0.0663169, 0.13052994, 0.07363836, 0.06632165, 0.06631872, 0.06631728, 0.06631675, 0.06631713, 0.06631674, 0.06633014, 0.06631687]], "classes": [1, 4], "names": ["bus", "fire hydrant"]}, "61": {"boxes": [[767.5397, 216.4579, 53.39685, 49.607132], [-5.9891357, 283.00388, 362.7807, 390.4637]], "probabilities": [[0.06596173, 0.13469522, 0.06644428, 0.06627569, 0.06658449, 0.06605973, 0.06928499, 0.06610102, 0.06606789, 0.06605466, 0.06777032, 0.06602838, 0.06662282, 0.0660487], [0.06519517, 0.06519528, 0.0651961, 0.06519517, 0.08607421, 0.13157792, 0.06519562, 0.0651953, 0.06519517, 0.06519517, 0.06519537, 0.06519517, 0.06519916, 0.06519517]], "classes": [1, 5], "names": ["bus", "motorcycle"]}, "64": {"boxes": [[764.32965, 217.7294, 56.55127, 53.75891], [-6.4480286, 285.2979, 352.9379, 447.14984], [654.4772, 308.2428, 83.61896, 71.92453]], "probabilities": [[0.06498689, 0.13824995, 0.06583441, 0.06566095, 0.06638768, 0.06520126, 0.07223044, 0.0653611, 0.06513873, 0.06515199, 0.06909566, 0.06511655, 0.06639535, 0.065189], [0.06580131, 0.06580155, 0.06580278, 0.06580131, 0.07365871, 0.1367042, 0.06580212, 0.06580175, 0.06580137, 0.06580137, 0.06580182, 0.0658013, 0.06581905, 0.06580133], [0.06603414, 0.13105187, 0.06702758, 0.06802277, 0.06661436, 0.06625248, 0.0676344, 0.06653027, 0.06623946, 0.06627415, 0.0675232, 0.06612892, 0.0684706, 0.0661958]], "classes": [1, 5, 1], "names": ["bus", "motorcycle", "bus"]}, "65": {"boxes": [[761.4934, 219.7002, 56.38318, 52.61212], [-3.413147, 285.69318, 344.5893, 440.1651], [651.48157, 309.73346, 86.523315, 72.05881]], "probabilities": [[0.06510545, 0.13756879, 0.06659723, 0.06619544, 0.06624945, 0.06557338, 0.06926259, 0.06584952, 0.06567364, 0.06543778, 0.06881583, 0.06526346, 0.06707796, 0.06532948], [0.0661236, 0.06612372, 0.06612446, 0.0661236, 0.06959641, 0.13690001, 0.06612401, 0.06612396, 0.06612364, 0.06612366, 0.06612387, 0.06612359, 0.06614196, 0.0661236], [0.06606344, 0.12826295, 0.06702694, 0.06842635, 0.06686124, 0.06639255, 0.06806045, 0.06661319, 0.06634395, 0.06634415, 0.06796031, 0.06619773, 0.06920428, 0.06624249]], "classes": [1, 5, 1], "names": ["bus", "motorcycle", "bus"]}, "75": {"boxes": [[753.02625, 227.82991, 58.770752, 56.88997], [9.5269165, 290.46246, 288.8168, 429.7088], [628.33203, 329.5993, 92.26514, 76.35504], [478.6192, 456.33902, 159.74011, 116.13626]], "probabilities": [[0.06529915, 0.13647486, 0.06667974, 0.0658898, 0.06613187, 0.06555092, 0.06806729, 0.06578906, 0.06556597, 0.06555296, 0.07048853, 0.06538051, 0.06760895, 0.06552041], [0.06625098, 0.06625205, 0.06625204, 0.06625099, 0.06928427, 0.13561317, 0.06625277, 0.06625169, 0.06625114, 0.06625231, 0.0662524, 0.06625096, 0.06633427, 0.06625099], [0.06666641, 0.13070391, 0.06688561, 0.06822263, 0.066723, 0.06667543, 0.06683832, 0.06676398, 0.06667575, 0.06668589, 0.06679686, 0.0666691, 0.06701472, 0.06667832], [0.06611619, 0.11784407, 0.06609659, 0.06811165, 0.06632241, 0.07097473, 0.06761057, 0.06709499, 0.06607914, 0.06607961, 0.06605987, 0.06606399, 0.07946999, 0.0660762]], "classes": [1, 5, 1, 1], "names": ["bus", "motorcycle", "bus", "bus"]}, "76": {"boxes": [[749.0193, 230.29778, 59.372437, 55.33055], [627.881, 329.4912, 93.27161, 77.743835], [474.61206, 459.59198, 159.08557, 116.559265], [14.677765, 284.39685, 276.44257, 427.82123], [1049.3148, 306.6659, 90.16968, 105.07965]], "probabilities": [[0.06525516, 0.13322504, 0.06647093, 0.06559499, 0.06665177, 0.0657051, 0.07146954, 0.06573126, 0.06627011, 0.06555132, 0.06949668, 0.06551296, 0.06750766, 0.06555752], [0.06677724, 0.12498063, 0.06717087, 0.06913558, 0.06702232, 0.06686763, 0.06749921, 0.06714656, 0.06682, 0.06687782, 0.06756374, 0.06682223, 0.06844582, 0.06687027], [0.06610145, 0.11556925, 0.06608582, 0.06766779, 0.06645589, 0.07105973, 0.06750417, 0.06674401, 0.0660784, 0.06608781, 0.06606766, 0.0660749, 0.08241553, 0